                                                                                                                                                                                                                                                                



                        1                         2                         3                         4                         5                         6
                 Re(freq)                  Im(freq)                         l                       n_g                       n_p                      n_pg
  0.1931158084720804E+003   0.0000000000000000E+000                         0                         0                         1                         1
  0.3122462495548493E+003   0.0000000000000000E+000                         0                         0                         2                         2
  0.4150154550704453E+003   0.0000000000000000E+000                         0                         0                         3                         3
  0.5206314410656300E+003   0.0000000000000000E+000                         0                         0                         4                         4
  0.6254681248429744E+003   0.0000000000000000E+000                         0                         0                         5                         5
  0.7320573516960890E+003   0.0000000000000000E+000                         0                         0                         6                         6
  0.8389120738943918E+003   0.0000000000000000E+000                         0                         0                         7                         7
  0.9450411677245769E+003   0.0000000000000000E+000                         0                         0                         8                         8
  0.1050007738999626E+004   0.0000000000000000E+000                         0                         0                         9                         9
  0.1151526411692385E+004   0.0000000000000000E+000                         0                         0                        10                        10
  0.1251249714965812E+004   0.0000000000000000E+000                         0                         0                        11                        11
  0.1351466853222164E+004   0.0000000000000000E+000                         0                         0                        12                        12
  0.1452137909708339E+004   0.0000000000000000E+000                         0                         0                        13                        13
  0.1552548941595924E+004   0.0000000000000000E+000                         0                         0                        14                        14
  0.1651833661141131E+004   0.0000000000000000E+000                         0                         0                        15                        15
  0.1750908334620425E+004   0.0000000000000000E+000                         0                         0                        16                        16
  0.1851163012952245E+004   0.0000000000000000E+000                         0                         0                        17                        17
  0.1952149192760771E+004   0.0000000000000000E+000                         0                         0                        18                        18
  0.2053281496285310E+004   0.0000000000000000E+000                         0                         0                        19                        19
  0.2154530611696232E+004   0.0000000000000000E+000                         0                         0                        20                        20
  0.2255839103016382E+004   0.0000000000000000E+000                         0                         0                        21                        21
  0.2357591367024575E+004   0.0000000000000000E+000                         0                         0                        22                        22
  0.2459769075618136E+004   0.0000000000000000E+000                         0                         0                        23                        23
  0.2562094849325444E+004   0.0000000000000000E+000                         0                         0                        24                        24
  0.2664659790938655E+004   0.0000000000000000E+000                         0                         0                        25                        25
  0.2767263471128212E+004   0.0000000000000000E+000                         0                         0                        26                        26
  0.2869863756976535E+004   0.0000000000000000E+000                         0                         0                        27                        27
  0.2972525795188727E+004   0.0000000000000000E+000                         0                         0                        28                        28
  0.3074944333139298E+004   0.0000000000000000E+000                         0                         0                        29                        29
  0.3176843237438770E+004   0.0000000000000000E+000                         0                         0                        30                        30
  0.3276078318705369E+004   0.0000000000000000E+000                         0                         0                        31                        31
  0.3376496485573380E+004   0.0000000000000000E+000                         0                         0                        32                        32
  0.3475457476201951E+004   0.0000000000000000E+000                         0                         0                        33                        33
  0.3572066952394836E+004   0.0000000000000000E+000                         0                         0                        34                        34
  0.3665701773430530E+004   0.0000000000000000E+000                         0                         0                        35                        35
  0.3757332869090769E+004   0.0000000000000000E+000                         0                         0                        36                        36
  0.3849613229929792E+004   0.0000000000000000E+000                         0                         0                        37                        37
  0.3944614969458682E+004   0.0000000000000000E+000                         0                         0                        38                        38
  0.4042483157273499E+004   0.0000000000000000E+000                         0                         0                        39                        39
  0.4142361900629333E+004   0.0000000000000000E+000                         0                         0                        40                        40
  0.4243536192724154E+004   0.0000000000000000E+000                         0                         0                        41                        41
  0.4345556418529416E+004   0.0000000000000000E+000                         0                         0                        42                        42
  0.4448045078609556E+004   0.0000000000000000E+000                         0                         0                        43                        43
  0.4550867518468405E+004   0.0000000000000000E+000                         0                         0                        44                        44
  0.4653882882141121E+004   0.0000000000000000E+000                         0                         0                        45                        45
  0.4756955319571888E+004   0.0000000000000000E+000                         0                         0                        46                        46
  0.4860066686614980E+004   0.0000000000000000E+000                         0                         0                        47                        47
  0.4963101798223418E+004   0.0000000000000000E+000                         0                         0                        48                        48
  0.5066014834962793E+004   0.0000000000000000E+000                         0                         0                        49                        49
  0.5168774748143445E+004   0.0000000000000000E+000                         0                         0                        50                        50
  0.5271273902599105E+004   0.0000000000000000E+000                         0                         0                        51                        51
  0.5373498362349043E+004   0.0000000000000000E+000                         0                         0                        52                        52
  0.5475380764426846E+004   0.0000000000000000E+000                         0                         0                        53                        53
  0.5576862002007650E+004   0.0000000000000000E+000                         0                         0                        54                        54
  0.5677975841128376E+004   0.0000000000000000E+000                         0                         0                        55                        55
  0.5778720678102186E+004   0.0000000000000000E+000                         0                         0                        56                        56
  0.5879191648193534E+004   0.0000000000000000E+000                         0                         0                        57                        57
  0.5979544882004890E+004   0.0000000000000000E+000                         0                         0                        58                        58
  0.6079907033658408E+004   0.0000000000000000E+000                         0                         0                        59                        59
  0.6180462954915026E+004   0.0000000000000000E+000                         0                         0                        60                        60
  0.6281331006046123E+004   0.0000000000000000E+000                         0                         0                        61                        61
  0.6382558373743675E+004   0.0000000000000000E+000                         0                         0                        62                        62
  0.6484196275368103E+004   0.0000000000000000E+000                         0                         0                        63                        63
  0.6586200975796526E+004   0.0000000000000000E+000                         0                         0                        64                        64
  0.6688530719468418E+004   0.0000000000000000E+000                         0                         0                        65                        65
  0.6791157333555322E+004   0.0000000000000000E+000                         0                         0                        66                        66
  0.6893997644383389E+004   0.0000000000000000E+000                         0                         0                        67                        67
  0.6997020670722108E+004   0.0000000000000000E+000                         0                         0                        68                        68
  0.7100176193198236E+004   0.0000000000000000E+000                         0                         0                        69                        69
  0.7203399227730030E+004   0.0000000000000000E+000                         0                         0                        70                        70
  0.7306672602273863E+004   0.0000000000000000E+000                         0                         0                        71                        71
  0.7409935583710502E+004   0.0000000000000000E+000                         0                         0                        72                        72
  0.7513155663841238E+004   0.0000000000000000E+000                         0                         0                        73                        73
  0.7616310697202660E+004   0.0000000000000000E+000                         0                         0                        74                        74
  0.7719339006843550E+004   0.0000000000000000E+000                         0                         0                        75                        75
  0.7822224750889283E+004   0.0000000000000000E+000                         0                         0                        76                        76
  0.7924929479955350E+004   0.0000000000000000E+000                         0                         0                        77                        77
  0.6706983851343819E+003   0.0000000000000000E+000                         1                         0                         4                         5
  0.7770921121392010E+003   0.0000000000000000E+000                         1                         0                         5                         6
  0.8845738322133391E+003   0.0000000000000000E+000                         1                         0                         6                         7
  0.9903616811504590E+003   0.0000000000000000E+000                         1                         0                         7                         8
  0.1093864976756336E+004   0.0000000000000000E+000                         1                         0                         8                         9
  0.1194755964781026E+004   0.0000000000000000E+000                         1                         0                         9                        10
  0.1294348818999593E+004   0.0000000000000000E+000                         1                         0                        10                        11
  0.1395119315112031E+004   0.0000000000000000E+000                         1                         0                        11                        12
  0.1496224816649707E+004   0.0000000000000000E+000                         1                         0                        12                        13
  0.1596183405936669E+004   0.0000000000000000E+000                         1                         0                        13                        14
  0.1695604676791785E+004   0.0000000000000000E+000                         1                         0                        14                        15
  0.1795484660131590E+004   0.0000000000000000E+000                         1                         0                        15                        16
  0.1896355553909246E+004   0.0000000000000000E+000                         1                         0                        16                        17
  0.1997937405762335E+004   0.0000000000000000E+000                         1                         0                        17                        18
  0.2099403083892996E+004   0.0000000000000000E+000                         1                         0                        18                        19
  0.2200946245691812E+004   0.0000000000000000E+000                         1                         0                        19                        20
  0.2302875413608370E+004   0.0000000000000000E+000                         1                         0                        20                        21
  0.2405085424999395E+004   0.0000000000000000E+000                         1                         0                        21                        22
  0.2507703989250993E+004   0.0000000000000000E+000                         1                         0                        22                        23
  0.2610511538398924E+004   0.0000000000000000E+000                         1                         0                        23                        24
  0.2713344964681744E+004   0.0000000000000000E+000                         1                         0                        24                        25
  0.2816315301529644E+004   0.0000000000000000E+000                         1                         0                        25                        26
  0.2919226219745457E+004   0.0000000000000000E+000                         1                         0                        26                        27
  0.3022044969194068E+004   0.0000000000000000E+000                         1                         0                        27                        28
  0.3124597723605042E+004   0.0000000000000000E+000                         1                         0                        28                        29
  0.3225923067725430E+004   0.0000000000000000E+000                         1                         0                        29                        30
  0.3325457438251641E+004   0.0000000000000000E+000                         1                         0                        30                        31
  0.3425482113849178E+004   0.0000000000000000E+000                         1                         0                        31                        32
  0.3523534226622663E+004   0.0000000000000000E+000                         1                         0                        32                        33
  0.3618880794935030E+004   0.0000000000000000E+000                         1                         0                        33                        34
  0.3711425864506433E+004   0.0000000000000000E+000                         1                         0                        34                        35
  0.3803116645356150E+004   0.0000000000000000E+000                         1                         0                        35                        36
  0.3896798965766495E+004   0.0000000000000000E+000                         1                         0                        36                        37
  0.3993459804120619E+004   0.0000000000000000E+000                         1                         0                        37                        38
  0.4092556827954821E+004   0.0000000000000000E+000                         1                         0                        38                        39
  0.4193328752214575E+004   0.0000000000000000E+000                         1                         0                        39                        40
  0.4295090546349929E+004   0.0000000000000000E+000                         1                         0                        40                        41
  0.4397488794663158E+004   0.0000000000000000E+000                         1                         0                        41                        42
  0.4500301350659985E+004   0.0000000000000000E+000                         1                         0                        42                        43
  0.4603314716854876E+004   0.0000000000000000E+000                         1                         0                        43                        44
  0.4706481843870045E+004   0.0000000000000000E+000                         1                         0                        44                        45
  0.4809682680280820E+004   0.0000000000000000E+000                         1                         0                        45                        46
  0.4912831878512085E+004   0.0000000000000000E+000                         1                         0                        46                        47
  0.5015915738064652E+004   0.0000000000000000E+000                         1                         0                        47                        48
  0.5118822255269737E+004   0.0000000000000000E+000                         1                         0                        48                        49
  0.5221523750178747E+004   0.0000000000000000E+000                         1                         0                        49                        50
  0.5323968690460326E+004   0.0000000000000000E+000                         1                         0                        50                        51
  0.5426061533674757E+004   0.0000000000000000E+000                         1                         0                        51                        52
  0.5527802004454640E+004   0.0000000000000000E+000                         1                         0                        52                        53
  0.5629139929313789E+004   0.0000000000000000E+000                         1                         0                        53                        54
  0.5730080768132050E+004   0.0000000000000000E+000                         1                         0                        54                        55
  0.5830720592863385E+004   0.0000000000000000E+000                         1                         0                        55                        56
  0.5931134871454742E+004   0.0000000000000000E+000                         1                         0                        56                        57
  0.6031493970392602E+004   0.0000000000000000E+000                         1                         0                        57                        58
  0.6131973931474737E+004   0.0000000000000000E+000                         1                         0                        58                        59
  0.6232685925663579E+004   0.0000000000000000E+000                         1                         0                        59                        60
  0.6333756408324709E+004   0.0000000000000000E+000                         1                         0                        60                        61
  0.6435214160297046E+004   0.0000000000000000E+000                         1                         0                        61                        62
  0.6537041471710249E+004   0.0000000000000000E+000                         1                         0                        62                        63
  0.6639236249913649E+004   0.0000000000000000E+000                         1                         0                        63                        64
  0.6741722655391660E+004   0.0000000000000000E+000                         1                         0                        64                        65
  0.6844457775011272E+004   0.0000000000000000E+000                         1                         0                        65                        66
  0.6947402661329163E+004   0.0000000000000000E+000                         1                         0                        66                        67
  0.7050479327819632E+004   0.0000000000000000E+000                         1                         0                        67                        68
  0.7153665177997705E+004   0.0000000000000000E+000                         1                         0                        68                        69
  0.7256905425942794E+004   0.0000000000000000E+000                         1                         0                        69                        70
  0.7360150300595602E+004   0.0000000000000000E+000                         1                         0                        70                        71
  0.7463383736578576E+004   0.0000000000000000E+000                         1                         0                        71                        72
  0.7566543146363480E+004   0.0000000000000000E+000                         1                         0                        72                        73
  0.7669604917041699E+004   0.0000000000000000E+000                         1                         0                        73                        74
  0.7772539943951040E+004   0.0000000000000000E+000                         1                         0                        74                        75
  0.7875293400122633E+004   0.0000000000000000E+000                         1                         0                        75                        76
  0.7977856413478396E+004   0.0000000000000000E+000                         1                         0                        76                        77
  0.5538579310604765E+002   0.0000000000000000E+000                         2                        41                         0                       -41
  0.5963844719076482E+003   0.0000000000000000E+000                         2                         1                         3                         2
  0.6140184026071360E+003   0.0000000000000000E+000                         2                         1                         4                         3
  0.7211165665737519E+003   0.0000000000000000E+000                         2                         1                         5                         4
  0.9360106137774457E+003   0.0000000000000000E+000                         2                         0                         7                         7
  0.1041544036199964E+004   0.0000000000000000E+000                         2                         0                         8                         8
  0.1143517421832068E+004   0.0000000000000000E+000                         2                         0                         9                         9
  0.1243623676148302E+004   0.0000000000000000E+000                         2                         0                        10                        10
  0.1343954112622425E+004   0.0000000000000000E+000                         2                         0                        11                        11
  0.1444857395503557E+004   0.0000000000000000E+000                         2                         0                        12                        12
  0.1545671710533950E+004   0.0000000000000000E+000                         2                         0                        13                        13
  0.1645281014097440E+004   0.0000000000000000E+000                         2                         0                        14                        14
  0.1744661505049514E+004   0.0000000000000000E+000                         2                         0                        15                        15
  0.1845226181995129E+004   0.0000000000000000E+000                         2                         0                        16                        16
  0.1946543788228637E+004   0.0000000000000000E+000                         2                         0                        17                        17
  0.2048093853919250E+004   0.0000000000000000E+000                         2                         0                        18                        18
  0.2149746298187603E+004   0.0000000000000000E+000                         2                         0                        19                        19
  0.2251442177095853E+004   0.0000000000000000E+000                         2                         0                        20                        20
  0.2353605349534797E+004   0.0000000000000000E+000                         2                         0                        21                        21
  0.2456177683163239E+004   0.0000000000000000E+000                         2                         0                        22                        22
  0.2558907119892860E+004   0.0000000000000000E+000                         2                         0                        23                        23
  0.2661878501672521E+004   0.0000000000000000E+000                         2                         0                        24                        24
  0.2764869003295836E+004   0.0000000000000000E+000                         2                         0                        25                        25
  0.2867855553034419E+004   0.0000000000000000E+000                         2                         0                        26                        26
  0.2970889147867382E+004   0.0000000000000000E+000                         2                         0                        27                        27
  0.3073663905513866E+004   0.0000000000000000E+000                         2                         0                        28                        28
  0.3175911117186665E+004   0.0000000000000000E+000                         2                         0                        29                        29
  0.3275457225291932E+004   0.0000000000000000E+000                         2                         0                        30                        30
  0.3376176673316851E+004   0.0000000000000000E+000                         2                         0                        31                        31
  0.3475414523476541E+004   0.0000000000000000E+000                         2                         0                        32                        32
  0.3572267844825522E+004   0.0000000000000000E+000                         2                         0                        33                        33
  0.3666113499224900E+004   0.0000000000000000E+000                         2                         0                        34                        34
  0.3757940148416119E+004   0.0000000000000000E+000                         2                         0                        35                        35
  0.3850429330364621E+004   0.0000000000000000E+000                         2                         0                        36                        36
  0.3945653653882289E+004   0.0000000000000000E+000                         2                         0                        37                        37
  0.4043743184614521E+004   0.0000000000000000E+000                         2                         0                        38                        38
  0.4143833873702957E+004   0.0000000000000000E+000                         2                         0                        39                        39
  0.4245204804581289E+004   0.0000000000000000E+000                         2                         0                        40                        40
  0.4347408545776830E+004   0.0000000000000000E+000                         2                         0                        41                        41
  0.4450067870096627E+004   0.0000000000000000E+000                         2                         0                        42                        42
  0.4553046065767418E+004   0.0000000000000000E+000                         2                         0                        43                        43
  0.4656207168487703E+004   0.0000000000000000E+000                         2                         0                        44                        44
  0.4759412220639622E+004   0.0000000000000000E+000                         2                         0                        45                        45
  0.4862644106592944E+004   0.0000000000000000E+000                         2                         0                        46                        46
  0.4965791002248482E+004   0.0000000000000000E+000                         2                         0                        47                        47
  0.5068802631794976E+004   0.0000000000000000E+000                         2                         0                        48                        48
  0.5171652225464785E+004   0.0000000000000000E+000                         2                         0                        49                        49
  0.5274231344789246E+004   0.0000000000000000E+000                         2                         0                        50                        50
  0.5376523777127520E+004   0.0000000000000000E+000                         2                         0                        51                        51
  0.5478467529639812E+004   0.0000000000000000E+000                         2                         0                        52                        52
  0.5580000426281613E+004   0.0000000000000000E+000                         2                         0                        53                        53
  0.5681158787730451E+004   0.0000000000000000E+000                         2                         0                        54                        54
  0.5781945710541354E+004   0.0000000000000000E+000                         2                         0                        55                        55
  0.5882454006394810E+004   0.0000000000000000E+000                         2                         0                        56                        56
  0.5982845131611503E+004   0.0000000000000000E+000                         2                         0                        57                        57
  0.6083246352446951E+004   0.0000000000000000E+000                         2                         0                        58                        58
  0.6183839350465335E+004   0.0000000000000000E+000                         2                         0                        59                        59
  0.6284745291095169E+004   0.0000000000000000E+000                         2                         0                        60                        60
  0.6386006795664713E+004   0.0000000000000000E+000                         2                         0                        61                        61
  0.6487673559984935E+004   0.0000000000000000E+000                         2                         0                        62                        62
  0.6589703986535591E+004   0.0000000000000000E+000                         2                         0                        63                        63
  0.6692051889572444E+004   0.0000000000000000E+000                         2                         0                        64                        64
  0.6794691556954935E+004   0.0000000000000000E+000                         2                         0                        65                        65
  0.6897540232782804E+004   0.0000000000000000E+000                         2                         0                        66                        66
  0.7000564334494756E+004   0.0000000000000000E+000                         2                         0                        67                        67
  0.7103717406926183E+004   0.0000000000000000E+000                         2                         0                        68                        68
  0.7206932364635210E+004   0.0000000000000000E+000                         2                         0                        69                        69
  0.7310192367378346E+004   0.0000000000000000E+000                         2                         0                        70                        70
  0.7413438965249893E+004   0.0000000000000000E+000                         2                         0                        71                        71
  0.7516636663267665E+004   0.0000000000000000E+000                         2                         0                        72                        72
  0.7619766095540352E+004   0.0000000000000000E+000                         2                         0                        73                        73
  0.7722765408871380E+004   0.0000000000000000E+000                         2                         0                        74                        74
  0.7825617145258141E+004   0.0000000000000000E+000                         2                         0                        75                        75
  0.7928285926369947E+004   0.0000000000000000E+000                         2                         0                        76                        76
  0.5357270278520155E+002   0.0000000000000000E+000                         3                        60                         0                       -60
  0.1547240026260575E+003   0.0000000000000000E+000                         3                        19                         0                       -19
  0.2839399185084702E+003   0.0000000000000000E+000                         3                         9                         1                        -8
  0.3036992226782904E+003   0.0000000000000000E+000                         3                         8                         1                        -7
  0.3759567141244732E+003   0.0000000000000000E+000                         3                         5                         1                        -4
  0.4852450247487419E+003   0.0000000000000000E+000                         3                         3                         2                        -1
  0.6507928649509206E+003   0.0000000000000000E+000                         3                         2                         4                         2
  0.9765027530230274E+003   0.0000000000000000E+000                         3                         0                         7                         7
  0.1081441878420904E+004   0.0000000000000000E+000                         3                         0                         8                         8
  0.1183192064164105E+004   0.0000000000000000E+000      
                     3                         0                         9                         9
  0.1283344214603859E+004   0.0000000000000000E+000                         3                         0                        10                        10
  0.1384593267320298E+004   0.0000000000000000E+000                         3                         0                        11                        11
  0.1486118997255928E+004   0.0000000000000000E+000                         3                         0                        12                        12
  0.1586651588756021E+004   0.0000000000000000E+000                         3                         0                        13                        13
  0.1686508384110670E+004   0.0000000000000000E+000                         3                         0                        14                        14
  0.1786637627342432E+004   0.0000000000000000E+000                         3                         0                        15                        15
  0.1887848891563245E+004   0.0000000000000000E+000                         3                         0                        16                        16
  0.1989798105502609E+004   0.0000000000000000E+000                         3                         0                        17                        17
  0.2091633194279405E+004   0.0000000000000000E+000                         3                         0                        18                        18
  0.2193577305664972E+004   0.0000000000000000E+000                         3                         0                        19                        19
  0.2295851356893726E+004   0.0000000000000000E+000                         3                         0                        20                        20
  0.2398421940252876E+004   0.0000000000000000E+000                         3                         0                        21                        21
  0.2501428465632813E+004   0.0000000000000000E+000                         3                         0                        22                        22
  0.2604598491601209E+004   0.0000000000000000E+000                         3                         0                        23                        23
  0.2707817288358191E+004   0.0000000000000000E+000                         3                         0                        24                        24
  0.2811165226400852E+004   0.0000000000000000E+000                         3                         0                        25                        25
  0.2914437419119289E+004   0.0000000000000000E+000                         3                         0                        26                        26
  0.3017634699989767E+004   0.0000000000000000E+000                         3                         0                        27                        27
  0.3120557525847726E+004   0.0000000000000000E+000                         3                         0                        28                        28
  0.3222317122229837E+004   0.0000000000000000E+000                         3                         0                        29                        29
  0.3322138781008557E+004   0.0000000000000000E+000                         3                         0                        30                        30
  0.3422520393497954E+004   0.0000000000000000E+000                         3                         0                        31                        31
  0.3520934663471388E+004   0.0000000000000000E+000                         3                         0                        32                        32
  0.3616631125984823E+004   0.0000000000000000E+000                         3                         0                        33                        33
  0.3709470393096180E+004   0.0000000000000000E+000                         3                         0                        34                        34
  0.3801384256873787E+004   0.0000000000000000E+000                         3                         0                        35                        35
  0.3895254593780576E+004   0.0000000000000000E+000                         3                         0                        36                        36
  0.3992112865425654E+004   0.0000000000000000E+000                         3                         0                        37                        37
  0.4091430797541959E+004   0.0000000000000000E+000                         3                         0                        38                        38
  0.4192433562299291E+004   0.0000000000000000E+000                         3                         0                        39                        39
  0.4294426646782586E+004   0.0000000000000000E+000                         3                         0                        40                        40
  0.4397054488376618E+004   0.0000000000000000E+000                         3                         0                        41                        41
  0.4500088736672305E+004   0.0000000000000000E+000                         3                         0                        42                        42
  0.4603315768667883E+004   0.0000000000000000E+000                         3                         0                        43                        43
  0.4706687751400099E+004   0.0000000000000000E+000                         3                         0                        44                        44
  0.4810083021672086E+004   0.0000000000000000E+000                         3                         0                        45                        45
  0.4913416575715374E+004   0.0000000000000000E+000                         3                         0                        46                        46
  0.5016674327352699E+004   0.0000000000000000E+000                         3                         0                        47                        47
  0.5119744448666961E+004   0.0000000000000000E+000                         3                         0                        48                        48
  0.5222598776396651E+004   0.0000000000000000E+000                         3                         0                        49                        49
  0.5325186784118140E+004   0.0000000000000000E+000                         3                         0                        50                        50
  0.5427412674721980E+004   0.0000000000000000E+000                         3                         0                        51                        51
  0.5529276335278782E+004   0.0000000000000000E+000                         3                         0                        52                        52
  0.5630729777257158E+004   0.0000000000000000E+000                         3                         0                        53                        53
  0.5731778002748241E+004   0.0000000000000000E+000                         3                         0                        54                        54
  0.5832519504901617E+004   0.0000000000000000E+000                         3                         0                        55                        55
  0.5933032060323336E+004   0.0000000000000000E+000                         3                         0                        56                        56
  0.6033485591337499E+004   0.0000000000000000E+000                         3                         0                        57                        57
  0.6134058799139507E+004   0.0000000000000000E+000                         3                         0                        58                        58
  0.6234862008910733E+004   0.0000000000000000E+000                         3                         0                        59                        59
  0.6336020053942448E+004   0.0000000000000000E+000                         3                         0                        60                        60
  0.6437563075485549E+004   0.0000000000000000E+000                         3                         0                        61                        61
  0.6539470525401566E+004   0.0000000000000000E+000                         3                         0                        62                        62
  0.6641740535968962E+004   0.0000000000000000E+000                         3                         0                        63                        63
  0.6744298367266401E+004   0.0000000000000000E+000                         3                         0                        64                        64
  0.6847098671614775E+004   0.0000000000000000E+000                         3                         0                        65                        65
  0.6950104737276037E+004   0.0000000000000000E+000                         3                         0                        66                        66
  0.7053238031235119E+004   0.0000000000000000E+000                         3                         0                        67                        67
  0.7156474957312225E+004   0.0000000000000000E+000                         3                         0                        68                        68
  0.7259763176128527E+004   0.0000000000000000E+000                         3                         0                        69                        69
  0.7363050895672564E+004   0.0000000000000000E+000                         3                         0                        70                        70
  0.7466323263291913E+004   0.0000000000000000E+000                         3                         0                        71                        71
  0.7569518628682886E+004   0.0000000000000000E+000                         3                         0                        72                        72
  0.7672611215653864E+004   0.0000000000000000E+000                         3                         0                        73                        73
  0.7775574372114315E+004   0.0000000000000000E+000                         3                         0                        74                        74
  0.7878352356891444E+004   0.0000000000000000E+000                         3                         0                        75                        75
  0.7980935831136167E+004   0.0000000000000000E+000                         3                         0                        76                        76
