                                                                                                                                                                                                                                                                



                        1                         2                         3                         4                         5                         6
                 Re(freq)                  Im(freq)                         l                       n_g                       n_p                      n_pg
  0.2629310611244908E+003   0.0000000000000000E+000                         0                         0                         1                         1
  0.4041177693325174E+003   0.0000000000000000E+000                         0                         0                         2                         2
  0.5349831436282464E+003   0.0000000000000000E+000                         0                         0                         3                         3
  0.6776547645788460E+003   0.0000000000000000E+000                         0                         0                         4                         4
  0.8228608759960041E+003   0.0000000000000000E+000                         0                         0                         5                         5
  0.9694105097303373E+003   0.0000000000000000E+000                         0                         0                         6                         6
  0.1114157715923752E+004   0.0000000000000000E+000                         0                         0                         7                         7
  0.1259533593808070E+004   0.0000000000000000E+000                         0                         0                         8                         8
  0.1402602735470505E+004   0.0000000000000000E+000                         0                         0                         9                         9
  0.1543851777946721E+004   0.0000000000000000E+000                         0                         0                        10                        10
  0.1681416935920261E+004   0.0000000000000000E+000                         0                         0                        11                        11
  0.1816445807710760E+004   0.0000000000000000E+000                         0                         0                        12                        12
  0.1951466049658629E+004   0.0000000000000000E+000                         0                         0                        13                        13
  0.2086757286836016E+004   0.0000000000000000E+000                         0                         0                        14                        14
  0.2222324384107199E+004   0.0000000000000000E+000                         0                         0                        15                        15
  0.2356561240926858E+004   0.0000000000000000E+000                         0                         0                        16                        16
  0.2489989805307117E+004   0.0000000000000000E+000                         0                         0                        17                        17
  0.2623892298707869E+004   0.0000000000000000E+000                         0                         0                        18                        18
  0.2758538122608032E+004   0.0000000000000000E+000                         0                         0                        19                        19
  0.2894105365602453E+004   0.0000000000000000E+000                         0                         0                        20                        20
  0.3029690621806995E+004   0.0000000000000000E+000                         0                         0                        21                        21
  0.3165355507649766E+004   0.0000000000000000E+000                         0                         0                        22                        22
  0.3301265522465781E+004   0.0000000000000000E+000                         0                         0                        23                        23
  0.3437464047161270E+004   0.0000000000000000E+000                         0                         0                        24                        24
  0.3574223884061384E+004   0.0000000000000000E+000                         0                         0                        25                        25
  0.3711148600149718E+004   0.0000000000000000E+000                         0                         0                        26                        26
  0.3848378514741070E+004   0.0000000000000000E+000                         0                         0                        27                        27
  0.3985718550030858E+004   0.0000000000000000E+000                         0                         0                        28                        28
  0.4123114297689483E+004   0.0000000000000000E+000                         0                         0                        29                        29
  0.4260621451785864E+004   0.0000000000000000E+000                         0                         0                        30                        30
  0.4397993187925576E+004   0.0000000000000000E+000                         0                         0                        31                        31
  0.4535294991305127E+004   0.0000000000000000E+000                         0                         0                        32                        32
  0.4672089653112449E+004   0.0000000000000000E+000                         0                         0                        33                        33
  0.4807390796753530E+004   0.0000000000000000E+000                         0                         0                        34                        34
  0.4940301396004043E+004   0.0000000000000000E+000                         0                         0                        35                        35
  0.6074878327328825E+001   0.0000000000000000E+000                         1                       104                         1                      -103
  0.2313584535866618E+002   0.0000000000000000E+000                         1                        27                         0                       -27
  0.3096614434645797E+002   0.0000000000000000E+000                         1                        20                         0                       -20
  0.4650044756793291E+002   0.0000000000000000E+000                         1                        13                         0                       -13
  0.5890158016622308E+002   0.0000000000000000E+000                         1                        10                         0                       -10
  0.6457412780109617E+002   0.0000000000000000E+000                         1                         9                         0                        -9
  0.7136576374045363E+002   0.0000000000000000E+000                         1                         8                         0                        -8
  0.7961128183091057E+002   0.0000000000000000E+000                         1                         7                         0                        -7
  0.8990688217636810E+002   0.0000000000000000E+000                         1                         6                         0                        -6
  0.1031454986783057E+003   0.0000000000000000E+000                         1                         5                         0                        -5
  0.1207769989015731E+003   0.0000000000000000E+000                         1                         4                         0                        -4
  0.1453213792589368E+003   0.0000000000000000E+000                         1                         3                         0                        -3
  0.1812864756762990E+003   0.0000000000000000E+000                         1                         2                         0                        -2
  0.2510836522327542E+003   0.0000000000000000E+000                         1                         1                         0                        -1
  0.2853132409278920E+003   0.0000000000000000E+000                         1                         0                         0                         1
  0.4488188142085686E+003   0.0000000000000000E+000                         1                         0                         1                         2
  0.5960387652416745E+003   0.0000000000000000E+000                         1                         0                         2                         3
  0.7453403579893702E+003   0.0000000000000000E+000                         1                         0                         3                         4
  0.8906524128383916E+003   0.0000000000000000E+000                         1                         0                         4                         5
  0.1036685230465537E+004   0.0000000000000000E+000                         1                         0                         5                         6
  0.1181283606003866E+004   0.0000000000000000E+000                         1                         0                         6                         7
  0.1325451554562597E+004   0.0000000000000000E+000                         1                         0                         7                         8
  0.1468151971931783E+004   0.0000000000000000E+000                         1                         0                         8                         9
  0.1607433206917046E+004   0.0000000000000000E+000                         1                         0                         9                        10
  0.1744150946856337E+004   0.0000000000000000E+000                         1                         0                        10                        11
  0.1878864937766000E+004   0.0000000000000000E+000                         1                         0                        11                        12
  0.2014321184335997E+004   0.0000000000000000E+000                         1                         0                        12                        13
  0.2150203578812778E+004   0.0000000000000000E+000                         1                         0                        13                        14
  0.2285255096589060E+004   0.0000000000000000E+000                         1                         0                        14                        15
  0.2419397283754997E+004   0.0000000000000000E+000                         1                         0                        15                        16
  0.2552942390635197E+004   0.0000000000000000E+000                         1                         0                        16                        17
  0.2687435568382140E+004   0.0000000000000000E+000                         1                         0                        17                        18
  0.2822783265198727E+004   0.0000000000000000E+000                         1                         0                        18                        19
  0.2958492142762083E+004   0.0000000000000000E+000                         1                         0                        19                        20
  0.3094396804109578E+004   0.0000000000000000E+000                         1                         0                        20                        21
  0.3230186442883059E+004   0.0000000000000000E+000                         1                         0                        21                        22
  0.3366440039339845E+004   0.0000000000000000E+000                         1                         0                        22                        23
  0.3503018460927693E+004   0.0000000000000000E+000                         1                         0                        23                        24
  0.3639953903646094E+004   0.0000000000000000E+000                         1                         0                        24                        25
  0.3777196152231718E+004   0.0000000000000000E+000                         1                         0                        25                        26
  0.3914495559475119E+004   0.0000000000000000E+000                         1                         0                        26                        27
  0.4052026237659135E+004   0.0000000000000000E+000                         1                         0                        27                        28
  0.4189509839130487E+004   0.0000000000000000E+000                         1                         0                        28                        29
  0.4327056469864521E+004   0.0000000000000000E+000                         1                         0                        29                        30
  0.4464497613538629E+004   0.0000000000000000E+000                         1                         0                        30                        31
  0.4601627366370956E+004   0.0000000000000000E+000                         1                         0                        31                        32
  0.4738096544059412E+004   0.0000000000000000E+000                         1                         0                        32                        33
  0.4870788883338208E+004   0.0000000000000000E+000                         1                         0                        33                        34
  0.2001722338733178E+002   0.0000000000000000E+000                         2                        54                         0                       -54
  0.3439447202164502E+002   0.0000000000000000E+000                         2                        31                         0                       -31
  0.4072424672182335E+002   0.0000000000000000E+000                         2                        26                         0                       -26
  0.4985175310303753E+002   0.0000000000000000E+000                         2                        21                         0                       -21
  0.5755429025240025E+002   0.0000000000000000E+000                         2                        18                         0                       -18
  0.6798183610555681E+002   0.0000000000000000E+000                         2                        15                         0                       -15
  0.7229642767212107E+002   0.0000000000000000E+000                         2                        14                         0                       -14
  0.7721588373753819E+002   0.0000000000000000E+000                         2                        13                         0                       -13
  0.8280092202458272E+002   0.0000000000000000E+000                         2                        12                         0                       -12
  0.8923446301407068E+002   0.0000000000000000E+000                         2                        11                         0                       -11
  0.9668082840078712E+002   0.0000000000000000E+000                         2                        10                         0                       -10
  0.1053979243829069E+003   0.0000000000000000E+000                         2                         9                         0                        -9
  0.1157273165313275E+003   0.0000000000000000E+000                         2                         8                         0                        -8
  0.1281418000054011E+003   0.0000000000000000E+000                         2                         7                         0                        -7
  0.1432254829703513E+003   0.0000000000000000E+000                         2                         6                         0                        -6
  0.1618603871308840E+003   0.0000000000000000E+000                         2                         5                         0                        -5
  0.1851836345035380E+003   0.0000000000000000E+000                         2                         4                         0                        -4
  0.2140279479664652E+003   0.0000000000000000E+000                         2                         3                         0                        -3
  0.2478078045166926E+003   0.0000000000000000E+000                         2                         2                         0                        -2
  0.2877782191198368E+003   0.0000000000000000E+000                         2                         1                         0                        -1
  0.3402514050813871E+003   0.0000000000000000E+000                         2                         1                         1                         0
  0.3797305395559280E+003   0.0000000000000000E+000                         2                         0                         1                         1
  0.5141367548867207E+003   0.0000000000000000E+000                         2                         0                         2                         2
  0.6618309103341212E+003   0.0000000000000000E+000                         2                         0                         3                         3
  0.8096146079780676E+003   0.0000000000000000E+000                         2                         0                         4                         4
  0.9562567933436211E+003   0.0000000000000000E+000                         2                         0                         5                         5
  0.1101072694129742E+004   0.0000000000000000E+000                         2                         0                         6                         6
  0.1246238208337308E+004   0.0000000000000000E+000                         2                         0                         7                         7
  0.1389263040756300E+004   0.0000000000000000E+000                         2                         0                         8                         8
  0.1530849606727549E+004   0.0000000000000000E+000                         2                         0                         9                         9
  0.1668670896879088E+004   0.0000000000000000E+000                         2                         0                        10                        10
  0.1804101340210913E+004   0.0000000000000000E+000                         2                         0                        11                        11
  0.1939237924532654E+004   0.0000000000000000E+000                         2                         0                        12                        12
  0.2074766783689243E+004   0.0000000000000000E+000                         2                         0                        13                        13
  0.2210733352479645E+004   0.0000000000000000E+000                         2                         0                        14                        14
  0.2345351167311715E+004   0.0000000000000000E+000                         2                         0                        15                        15
  0.2479187294386004E+004   0.0000000000000000E+000                         2                         0                        16                        16
  0.2613327574055053E+004   0.0000000000000000E+000                         2                         0                        17                        17
  0.2748246884880884E+004   0.0000000000000000E+000                         2                         0                        18                        18
  0.2884126945928257E+004   0.0000000000000000E+000                         2                         0                        19                        19
  0.3020016210007310E+004   0.0000000000000000E+000                         2                         0                        20                        20
  0.3156024272837826E+004   0.0000000000000000E+000                         2                         0                        21                        21
  0.3292201963530289E+004   0.0000000000000000E+000                         2                         0                        22                        22
  0.3428685609562057E+004   0.0000000000000000E+000                         2                         0                        23                        23
  0.3565709649419862E+004   0.0000000000000000E+000                         2                         0                        24                        24
  0.3702885420088248E+004   0.0000000000000000E+000                         2                         0                        25                        25
  0.3840377633299294E+004   0.0000000000000000E+000                         2                         0                        26                        26
  0.3977941976946165E+004   0.0000000000000000E+000                         2                         0                        27                        27
  0.4115578066706683E+004   0.0000000000000000E+000                         2                         0                        28                        28
  0.4253297621464676E+004   0.0000000000000000E+000                         2                         0                        29                        29
  0.4390883363218377E+004   0.0000000000000000E+000                         2                         0                        30                        30
  0.4528398980382038E+004   0.0000000000000000E+000                         2                         0                        31                        31
  0.4665405200868491E+004   0.0000000000000000E+000                         2                         0                        32                        32
  0.4801048356575987E+004   0.0000000000000000E+000                         2                         0                        33                        33
  0.4934034633447067E+004   0.0000000000000000E+000                         2                         0                        34                        34
  0.1105730632163818E+002   0.0000000000000000E+000                         3                       139                         0                      -139
  0.3575456501290869E+002   0.0000000000000000E+000                         3                        42                         0                       -42
  0.5089115369748651E+002   0.0000000000000000E+000                         3                        29                         0                       -29
  0.7173743386439426E+002   0.0000000000000000E+000                         3                        20                         0                       -20
  0.8294878914645392E+002   0.0000000000000000E+000                         3                        17                         0                       -17
  0.8750646228245638E+002   0.0000000000000000E+000                         3                        16                         0                       -16
  0.9253557135225702E+002   0.0000000000000000E+000                         3                        15                         0                       -15
  0.9817835744199473E+002   0.0000000000000000E+000                         3                        14                         0                       -14
  0.1045223240697078E+003   0.0000000000000000E+000                         3                        13                         0                       -13
  0.1116948987378826E+003   0.0000000000000000E+000                         3                        12                         0                       -12
  0.1199194979267376E+003   0.0000000000000000E+000                         3                        11                         0                       -11
  0.1292943584214114E+003   0.0000000000000000E+000                         3                        10                         0                       -10
  0.1401846492712273E+003   0.0000000000000000E+000                         3                         9                         0                        -9
  0.1529895994306284E+003   0.0000000000000000E+000                         3                         8                         0                        -8
  0.1681432243304129E+003   0.0000000000000000E+000                         3                         7                         0                        -7
  0.1860577177622727E+003   0.0000000000000000E+000                         3                         6                         0                        -6
  0.2072769298093555E+003   0.0000000000000000E+000                         3                         5                         0                        -5
  0.2310010000897044E+003   0.0000000000000000E+000                         3                         4                         0                        -4
  0.2540876013473539E+003   0.0000000000000000E+000                         3                         3                         0                        -3
  0.2841843367563449E+003   0.0000000000000000E+000                         3                         2                         0                        -2
  0.3267781714088900E+003   0.0000000000000000E+000                         3                         1                         0                        -1
  0.3767431626602844E+003   0.0000000000000000E+000                         3                         1                         1                         0
  0.4152867464242972E+003   0.0000000000000000E+000                         3                         0                         1                         1
  0.5640306756952274E+003   0.0000000000000000E+000                         3                         0                         2                         2
  0.7160465235470432E+003   0.0000000000000000E+000                         3                         0                         3                         3
  0.8635741966784104E+003   0.0000000000000000E+000                         3                         0                         4                         4
  0.1011342218150946E+004   0.0000000000000000E+000                         3                         0                         5                         5
  0.1156566645358984E+004   0.0000000000000000E+000                         3                         0                         6                         6
  0.1301893947319506E+004   0.0000000000000000E+000                         3                         0                         7                         7
  0.1445169540017982E+004   0.0000000000000000E+000                         3                         0                         8                         8
  0.1585584598054296E+004   0.0000000000000000E+000                         3                         0                         9                         9
  0.1723038378077358E+004   0.0000000000000000E+000                         3                         0                        10                        10
  0.1858154728754403E+004   0.0000000000000000E+000                         3                         0                        11                        11
  0.1993989537836129E+004   0.0000000000000000E+000                         3                         0                        12                        12
  0.2130155588726841E+004   0.0000000000000000E+000                         3                         0                        13                        13
  0.2265897432685361E+004   0.0000000000000000E+000                         3                         0                        14                        14
  0.2400583862806428E+004   0.0000000000000000E+000                         3                         0                        15                        15
  0.2534535439063063E+004   0.0000000000000000E+000                         3                         0                        16                        16
  0.2669409622001519E+004   0.0000000000000000E+000                         3                         0                        17                        17
  0.2805071382936229E+004   0.0000000000000000E+000                         3                         0                        18                        18
  0.2941283397424951E+004   0.0000000000000000E+000                         3                         0                        19                        19
  0.3077628342004606E+004   0.0000000000000000E+000                         3                         0                        20                        20
  0.3213860408848892E+004   0.0000000000000000E+000                         3                         0                        21                        21
  0.3350538987564670E+004   0.0000000000000000E+000                         3                         0                        22                        22
  0.3487485094729383E+004   0.0000000000000000E+000                         3                         0                        23                        23
  0.3624860053735957E+004   0.0000000000000000E+000                         3                         0                        24                        24
  0.3762485836396452E+004   0.0000000000000000E+000                         3                         0                        25                        25
  0.3900204565302984E+004   0.0000000000000000E+000                         3                         0                        26                        26
  0.4038134719511316E+004   0.0000000000000000E+000                         3                         0                        27                        27
  0.4175996465183753E+004   0.0000000000000000E+000                         3                         0                        28                        28
  0.4313940948025261E+004   0.0000000000000000E+000                         3                         0                        29                        29
  0.4451739411268863E+004   0.0000000000000000E+000                         3                         0                        30                        30
  0.4589266164572552E+004   0.0000000000000000E+000                         3                         0                        31                        31
  0.4726160247564550E+004   0.0000000000000000E+000                         3                         0                        32                        32
  0.4859190702081061E+004   0.0000000000000000E+000                         3                         0                        33                        33
  0.4994338253115049E+004   0.0000000000000000E+000                         3                         0                        34                        34
